1632,3,3.0,1115594191000
1860,3,3.0,945189261000
2053,3,2.0,1134614942000
2852,3,3.5,1076967962000
2853,3,3.5,1163169672000
5461,3,1.0,1190340425000
6443,3,2.5,1087437943000
7461,3,1.0,974655181000
8048,3,2.5,1112798541000
8651,3,4.0,1099596164000
8858,3,3.0,1218691877000
11032,3,3.5,1112990383000
11638,3,3.5,1192473378000
12265,3,3.0,1130713912000
15061,3,3.0,1139098159000
15264,3,4.5,1092173197000
15846,3,3.0,1092487415000
15853,3,3.0,1139323262000
17260,3,3.5,1139642799000
17835,3,2.0,1121049890000
23437,3,4.0,1180658178000
23858,3,2.5,1161563377000
25038,3,3.0,1200859467000
25248,3,2.0,1142543861000
26242,3,2.5,1183031756000
28653,3,3.5,1201807648000
29061,3,1.0,1117193445000
29442,3,2.5,1099056267000
31854,3,2.0,1174230372000
35461,3,3.0,1159175329000
36663,3,3.0,1132469569000
37037,3,2.5,1124919851000
38662,3,1.5,1061232972000
40456,3,3.0,1111371068000
40457,3,2.5,1148844369000
46033,3,3.0,1046206188000
46641,3,4.5,1205064712000
47438,3,3.0,1152053328000
49236,3,2.0,1180483640000
51033,3,2.0,941479045000
54262,3,4.0,1108706775000
55840,3,3.5,1084909282000
60661,3,0.5,1110956398000
61436,3,3.0,1158180453000
62252,3,3.0,1162915514000
62847,3,3.5,1231099805000
64063,3,2.0,1185161895000
64642,3,2.0,1111472461000
67042,3,3.5,1081240820000
71055,3,1.5,1121534387000
