31,1808405417,5.0,728
32,1808405417,5.0,741
33,1808405417,5.0,751
231,1808405417,4.0,6779
433,1808405417,5.0,12511
633,1808405417,4.0,18528
831,1808405417,4.0,23162
832,1808405417,5.0,23183
1031,1808405417,5.0,29271
1032,1808405417,4.0,29280
1033,1808405417,5.0,29293
1231,1808405417,4.0,34401
1233,1808405417,5.0,34436
1431,1808405417,1.0,40299
1432,1808405417,5.0,40308
1631,1808405417,5.0,46697
1633,1808405417,5.0,46730
1832,1808405417,5.0,52130
1833,1808405417,4.0,52152
2032,1808405417,5.0,57925
2231,1808405417,5.0,62629
2232,1808405417,5.0,62665
2631,1808405417,5.0,75899
3032,1808405417,1.0,86165
3231,1808405417,4.0,92540
3232,1808405417,5.0,92564
3431,1808405417,5.0,97730
3631,1808405417,5.0,103065
3832,1808405417,5.0,108591
4031,1808405417,1.0,113670
4231,1808405417,3.0,118703
4232,1808405417,5.0,118719
4431,1808405417,5.0,125109
4432,1808405417,5.0,125129
4632,1808405417,5.0,131302
5231,1808405417,5.0,147107
5431,1808405417,5.0,151705
5631,1808405417,5.0,156564
5831,1808405417,5.0,162170
6032,1808405417,4.0,167964
6231,1808405417,5.0,173403
6431,1808405417,5.0,178270
6432,1808405417,4.0,178282
6631,1808405417,5.0,185189
6632,1808405417,5.0,185204
6831,1808405417,5.0,191834
7031,1808405417,5.0,196696
7231,1808405417,5.0,201643
7431,1808405417,5.0,206330
7631,1808405417,5.0,210951
